# Game Level Exporter v1.0
LIGHT
Light
<Matrix 4x4 (-0.2909, -0.0552,  0.9552, 0.0000)
            (-0.7711,  0.6045, -0.1999, 0.0000)
            (-0.5664, -0.7947, -0.2184, 0.0000)
            ( 4.0762,  5.9039,  1.0055, 1.0000)>
CAMERA
Camera
<Matrix 4x4 ( 0.6859,  0.0000, 0.7277, 0.0000)
            (-0.7277,  0.0000, 0.6859, 0.0000)
            ( 0.0000, -1.0000, 0.0000, 0.0000)
            ( 0.0000, 20.0000, 0.0000, 1.0000)>
MESH
Rock2
<Matrix 4x4 (20.0000,  0.0000,   0.0000, 0.0000)
            ( 0.0000, -1.0000,   0.0000, 0.0000)
            ( 0.0000, -0.0000, -20.0000, 0.0000)
            ( 0.0000,  0.0000,   0.0000, 1.0000)>
MESH
Tree1
<Matrix 4x4 (2.0000, 0.0000,  0.0000, 0.0000)
            (0.0000, 2.0000, -0.0000, 0.0000)
            (0.0000, 0.0000,  2.0000, 0.0000)
            (0.0000, 0.0000,  0.0000, 1.0000)>
  MESH
  Horse
  <Matrix 4x4 (-0.2500, 0.0000, -0.0000, 0.0000)
            (-0.0000, 0.2500,  0.0000, 0.0000)
            ( 0.0000, 0.0000, -0.2500, 0.0000)
            (-4.0000, 0.0000,  0.0000, 1.0000)>
  MESH
  Horse.001
  <Matrix 4x4 (0.2500, 0.0000,  0.0000, 0.0000)
            (0.0000, 0.2500, -0.0000, 0.0000)
            (0.0000, 0.0000,  0.2500, 0.0000)
            (4.0000, 0.0000,  0.0000, 1.0000)>
  MESH
  Horse.002
  <Matrix 4x4 (-0.0000, 0.0000,  0.2500, 0.0000)
            ( 0.0000, 0.2500,  0.0000, 0.0000)
            (-0.2500, 0.0000, -0.0000, 0.0000)
            ( 0.0000, 0.0000,  4.0000, 1.0000)>
  MESH
  Horse.003
  <Matrix 4x4 ( 0.0000, 0.0000, -0.2500, 0.0000)
            (-0.0000, 0.2500, -0.0000, 0.0000)
            ( 0.2500, 0.0000,  0.0000, 0.0000)
            ( 0.0000, 0.0000, -4.0000, 1.0000)>
CAMERA
Camera.001
<Matrix 4x4 (-0.0000,  0.0000,  1.0000, 0.0000)
            (-0.1736,  0.9848, -0.0000, 0.0000)
            (-0.9848, -0.1736, -0.0000, 0.0000)
            (10.7880,  2.3006,  0.0710, 1.0000)>
CAMERA
Camera.002
<Matrix 4x4 ( 0.8788,  0.0000,  -0.4772, 0.0000)
            ( 0.1632,  0.9397,   0.3006, 0.0000)
            ( 0.4484, -0.3420,   0.8258, 0.0000)
            (-5.7996,  3.1376, -13.6682, 1.0000)>
MESH
PalmTree_3
<Matrix 4x4 (1.5000, 0.0000,  0.0000, 0.0000)
            (0.0000, 1.4616, -0.3373, 0.0000)
            (0.0000, 0.3373,  1.4616, 0.0000)
            (0.0000, 0.0000, -9.6458, 1.0000)>
MESH
PalmTree_3.001
<Matrix 4x4 ( 0.6556, -0.6796,  1.1655, 0.0000)
            ( 0.3281,  1.3372,  0.5952, 0.0000)
            (-1.3087, -0.0051,  0.7331, 0.0000)
            (-0.0325,  0.0282, -9.5468, 1.0000)>
MESH
PalmTree_3.002
<Matrix 4x4 (-1.0392, -0.9362,  0.5418, 0.0000)
            (-0.9083,  1.1632,  0.2680, 0.0000)
            (-0.5875, -0.1425, -1.3728, 0.0000)
            (-0.0733, -0.0206, -9.5543, 1.0000)>
MESH
PalmTree_3.003
<Matrix 4x4 ( 1.1690,  0.0000, -0.9400, 0.0000)
            (-0.2114,  1.4616, -0.2629, 0.0000)
            ( 0.9159,  0.3373,  1.1390, 0.0000)
            (-8.3996, -0.6790, -3.8859, 1.0000)>
MESH
PalmTree_3.004
<Matrix 4x4 ( 1.2412, -0.6796,  0.4975, 0.0000)
            ( 0.6287,  1.3372,  0.2582, 0.0000)
            (-0.5605, -0.0051,  1.3914, 0.0000)
            (-8.3628, -0.6508, -3.7884, 1.0000)>
MESH
PalmTree_3.005
<Matrix 4x4 (-0.4703, -0.9362,  1.0734, 0.0000)
            (-0.5399,  1.1632,  0.7780, 0.0000)
            (-1.3181, -0.1425, -0.7017, 0.0000)
            (-8.3994, -0.6996, -3.7687, 1.0000)>
MESH
PalmTree_3.006
<Matrix 4x4 ( 1.4299, -0.4512, -0.0430, 0.0000)
            ( 0.4481,  1.4286, -0.0911, 0.0000)
            ( 0.0683,  0.0740,  1.4966, 0.0000)
            (-5.5793, -0.2488, -8.3238, 1.0000)>
MESH
PalmTree_3.007
<Matrix 4x4 ( 0.3936, -1.0290,  1.0179, 0.0000)
            ( 0.7021,  1.0582,  0.7983, 0.0000)
            (-1.2657,  0.2670,  0.7594, 0.0000)
            (-5.6040, -0.2290, -8.2205, 1.0000)>
MESH
PalmTree_3.008
<Matrix 4x4 (-1.2850, -0.6567,  0.4093, 0.0000)
            (-0.5215,  1.3211,  0.4824, 0.0000)
            (-0.5716,  0.2710, -1.3601, 0.0000)
            (-5.6574, -0.2613, -8.2349, 1.0000)>
