# Game Level Exporter v1.0
LIGHT
Light
<Matrix 4x4 (-0.2909, -0.0552,  0.9552, 0.0000)
            (-0.7711,  0.6045, -0.1999, 0.0000)
            (-0.5664, -0.7947, -0.2184, 0.0000)
            ( 4.0762,  5.9039,  1.0055, 1.0000)>
CAMERA
Camera
<Matrix 4x4 ( 0.6859,  0.0000,  0.7277, 0.0000)
            (-0.3240,  0.8954,  0.3054, 0.0000)
            (-0.6516, -0.4453,  0.6142, 0.0000)
            ( 7.3589,  4.9583, -6.9258, 1.0000)>
MESH
Pumpkin_Crop
<Matrix 4x4 ( 1.0000, 0.0000,  0.0000, 0.0000)
            ( 0.0000, 1.0000, -0.0000, 0.0000)
            ( 0.0000, 0.0000,  1.0000, 0.0000)
            (-0.8553, 0.2180,  1.5502, 1.0000)>
MESH
PalmTree_3
<Matrix 4x4 (1.0000, 0.0000,  0.0000, 0.0000)
            (0.0000, 1.0000, -0.0000, 0.0000)
            (0.0000, 0.0000,  1.0000, 0.0000)
            (5.6124, 0.0000,  4.3771, 1.0000)>
MESH
Barn
<Matrix 4x4 ( 0.9014, 0.0000,  0.4330, 0.0000)
            ( 0.0000, 1.0000, -0.0000, 0.0000)
            (-0.4330, 0.0000,  0.9014, 0.0000)
            ( 0.0000, 0.0000,  7.6217, 1.0000)>
MESH
Pumpkin_Crop.001
<Matrix 4x4 ( 1.0000, 0.0000,  0.0000, 0.0000)
            ( 0.0000, 1.0000, -0.0000, 0.0000)
            ( 0.0000, 0.0000,  1.0000, 0.0000)
            (-1.2889, 0.6537,  1.5588, 1.0000)>
MESH
Pumpkin_Crop.002
<Matrix 4x4 ( 1.0000, 0.0000,  0.0000, 0.0000)
            ( 0.0000, 1.0000, -0.0000, 0.0000)
            ( 0.0000, 0.0000,  1.0000, 0.0000)
            (-0.7252, 1.0638,  1.6673, 1.0000)>
MESH
PalmTree_3.001
<Matrix 4x4 (1.0000, 0.0000,  0.0000, 0.0000)
            (0.0000, 1.0000, -0.0000, 0.0000)
            (0.0000, 0.0000,  1.0000, 0.0000)
            (7.4283, 0.0000,  5.0356, 1.0000)>
MESH
PalmTree_3.002
<Matrix 4x4 (1.0000, 0.0000,  0.0000, 0.0000)
            (0.0000, 1.0000, -0.0000, 0.0000)
            (0.0000, 0.0000,  1.0000, 0.0000)
            (6.4283, 1.0000,  5.0356, 1.0000)>
MESH
PalmTree_3.003
<Matrix 4x4 ( 1.0000, 0.0000,  0.0000, 0.0000)
            ( 0.0000, 1.0000, -0.0000, 0.0000)
            ( 0.0000, 0.0000,  1.0000, 0.0000)
            (-0.5717, 1.0000, -0.9644, 1.0000)>
MESH
PalmTree_3.004
<Matrix 4x4 ( 1.0000, 0.0000,  0.0000, 0.0000)
            ( 0.0000, 1.0000, -0.0000, 0.0000)
            ( 0.0000, 0.0000,  1.0000, 0.0000)
            (-1.5717, 2.0000, -0.9644, 1.0000)>
MESH
PalmTree_3.005
<Matrix 4x4 ( 1.0000, 0.0000,  0.0000, 0.0000)
            ( 0.0000, 1.0000, -0.0000, 0.0000)
            ( 0.0000, 0.0000,  1.0000, 0.0000)
            (-2.5717, 1.0000, -1.9644, 1.0000)>
